  [1] 151086 620730 631446 151374 165043 617642 639525 630680 625673   2123
 [11] 164945 634320   2039 614949 617907   2778 616171 626054 160041   1633
 [21] 615157 631251 620626   3155 615268 630224 616741 633454 639304   1773
 [31]   1433   1181 173432   2207 151544 165114   8715 620753 630763   1577
 [41]   3067 633502 149838   2137 616765 616842   2629 164411 617461 630813
 [51] 617917 625632 173456 633477 637890   2869   2960 173479 625660   1941
 [61] 630410 637794 617669 151834 617802  49102   2165 631404 149909   3017
 [71] 626792   1507 618047 615612 616659 630150 151115 155922  49287 625850
 [81] 151225   1563 617692 620707   1591 631325 621644 164463 151407 151461
 [91]  71534   1619 611989 630121 621015 640371  23822 173585 155863 616585
[101] 624459 621498 637728   2747 618202 617177 616869 631390 617326 625767
[111] 621380 637914   1451 615191  63466 634345 173530 151916  11476   2521
[121]   2998 638006 624152 155656 164676  12841 613558  27773 616910 621124
[131]   2291  23173  51419 617165  28104 160268 164535 630260 618161 638153
[141] 617437   2613 630306 616251 621427 620764 621327   2899 122194   2931
[151] 627936 626116 631344 612014 617733 615093   2764 621602 620654 615463
[161] 616791 615514   2702 630875 160067    899 615134   3104 624109   1927
[171] 155409 625890 631719 614977 621064   1109 626162 149989 621506 631694
[181]  29384 630435 151607  25224 155589 631227 155978 639519 613598 164916
[191]   2499  51377 630331   1209   1377   3140 151879    983   1661 631302
[201] 639420   1307 617973 617520 620994 615600   2053 624224   2718 614738
[211] 621251 616717 618233 621691 634372 615387 630069  23100 616225 624333
[221] 637772 615363 639405 624413 625512 615218  71139   2536 617963 630481
[231] 640409 617412   2855 628035 617866 618395 155841 638128 617139 639343
[241]   2249 611937 626065   2732   3285 164293 624084 612041   1549   2263
[251]   1885 638233 621072 613779 630173 155714   3223 615538 151057 616202
[261] 164993  51113 625540 630528 637869   1419 621199 617191 621680 617879
[271]   2151 630825 611962 625566 625482 613719  11110   1011   2347 615032
[281] 631278 614834 621414   1195 630518 630657 616633  28042 631177   2552
[291] 617509  28062   2478   3121 155738 616507 613662 630495 638835 630357
[301] 155988   1349  63435 637819   1335 618094   2883 621464 638191 615437
[311] 617350 626044   3269   1265 149877   2403   3053 617681   1251   1479
[321] 625605 638026   2645 616963 614718   1787 630540 155885 630633 630774
[331] 624186 612245 615564   6701 639530   2389   1167 615060 621028
