630357
615191
2732
640409
1633
612014
620994
630540
2718
2347
620654
2403
155841
617879
151607
155863
617963
164676
173432
155589
616585
639525
633477
1251
631344
621072
616842
625540
2263
616225
2931
616717
63466
630774
2053
621414
621251
164993
3269
3017
630173
3223
151544
71534
151461
621015
155988
617139
151225
1451
617350
621644
71139
983
616869
614834
1265
63435
617669
630331
611962
151115
155978
624152
631446
631177
616659
2629
613558
2883
639420
1479
615363
11476
2137
614718
164411
625850
612245
639530
2389
624224
640371
2291
615437
637772
160041
617509
617326
617973
1885
164293
625660
626792
639343
617520
2207
621199
3155
6701
624109
616202
